37768;Grimbold;37768;4;34974;26756;26404;35488
27900;Theodore;27668;3;26948;26194;-62688
37460;Isolde;37460;2;35738;-68820
28988;Grail;28988;2;35282;-68820
30444;Seraphina;30444;10;35282;35282;35282;35488;35738;26756;26756;-62688;35488;-68820
37360;Anya;37360;4;26948;34974;26194;26404
37640;Mirabella;37640;3;26948;26194;26404
28024;Eldar;
27668;Finch;27668;3;26948;26194;-62688
27900;Borin;27900;6;35282;26404;26404;35738;34974;26948
30444;Seraphina;30444;7;34974;35488;26404;35282;35282;35738;-68820
37460;Isolde;37460;10;35738;26948;26948;26948;26948;26948;26948;26948;-68820;34974
37360;Anya;37360;1;26756
37768;Theodore;37768;3;35282;35738;-68820
37768;Grimbold;37768;3;26756;26948;26948
37640;Mirabella;37640;3;26404;26194;26948
31352;Finch;31352;12;26948;26194;26194;35738;35738;-68820;-68820;35488;35488;35488;35282;-68820
31260;Grail;31260;3;35282;26756;26948
27900;Borin;27900;4;35488;26756;26404;26756
28024;Eldar;28024;5;35738;-68820;26404;26404;26948
37460;Isolde;37460;2;34974;26194
