27900;Borin;27900;2;26756;26756
37836;Isolde;37836;8;34974;26756;26948;35738;35488;26948;26194;26404
37360;Finch;37360;1;26756
37276;Mirabella;37276;1;26404
37360;Anya;37360;1;26756
28024;Eldar;28024;3;26194;26194;26404
30444;Grimbold;30444;4;26756;-68820;26404;26194
37544;Seraphina;37544;3;26404;26948;26756
27900;Theodore;27900;2;26756;26756
28988;Grail;28988;1;26194
27900;Theodore;27900;2;26756;26756
31260;Grail;31260;4;35282;35282;26756;26756
37276;Eldar;37276;1;26404
37544;Borin;37544;3;26948;26756;26404
31452;Grimbold;31452;9;34974;34974;34974;26756;26756;-68820;35738;-70632;-70632
37360;Anya;37360;1;26756
37640;Mirabella;37640;3;34974;-68820;26948
37836;Isolde;37836;4;34974;26756;-70632;-70632
