27668;Mirabella;27668;2;26404;26194
37768;Theodore;37768;3;26948;34974;-70632
37836;Isolde;37836;3;35488;-62688;26756
37544;Seraphina;
37360;Grail;
28024;Eldar;
37360;Anya;37360;1;26756
37768;Grimbold;37768;4;34974;26756;26404;35488
27900;Borin;27900;2;26756;-62688
27668;Finch;27668;3;35488;34974;-68820
27900;Borin;27900;5;35738;35488;35282;-68820;-62688
28988;Grail;28988;2;35282;-68820
37276;Mirabella;37276;1;26404
31352;Finch;31352;4;35738;26194;34974;-70632
27900;Theodore;27900;2;26756;26756
37544;Seraphina;37544;4;26404;26948;-70632;-70632
31352;Anya;31352;3;34974;-62688;26194
30444;Grimbold;30444;5;35738;35282;35282;35282;-68820
37276;Eldar;37276;1;26404
37836;Isolde;37836;7;35738;26948;34974;-68820;-70632;-70632;-70632
27900;Theodore;27900;2;26756;26404
27668;Mirabella;27668;2;26404;26194
37836;Isolde;37836;3;35488;26948;26404
37276;Eldar;37276;1;26404
31452;Grimbold;31452;12;35738;26194;35488;35488;35488;35738;26194;35738;26404;-62688;-70632;-70632
31352;Anya;31352;2;34974;26948
31352;Finch;
28988;Grail;28988;1;26194
30444;Seraphina;30444;6;26194;26194;-62688;35488;35738;26194
